Coordinates choosen for this project:

A = 43°21'45.810000"N, 8°24'41.040000"W
H = 43°21'39.140000"N, 8°24'42.620000"W
V = 43°21'46.570000"N, 8°24'47.790000"W

