Coordinates choosen for this project:

A = 41°24'35.810000"N, 2°12'52.410000"E
H = 41°24'35.810000"N, 2°13'4.650000"E
V = 41°24'37.630000"N, 2°12'52.470000"E
